{"extensionsUsed":["KHR_draco_mesh_compression"],"extensionsRequired":["KHR_draco_mesh_compression"],"asset":{"generator":"Revit2GLTF","version":"2.0"},"scenes":[{"nodes":[0]}],"cameras":[{"type":"perspective","perspective":{"aspectRatio":1.0,"yfov":0.7,"zfar":100.0,"znear":0.01}}],"nodes":[{"name":"root","matrix":[304.8,0.0,0.0,0.0,0.0,0.0,-304.8,0.0,0.0,304.8,0.0,0.0,0.0,0.0,0.0,1.0],"children":[1,2,3,4,5,6,7,8,9,10,11,12,13,14,15,16,17,18,19,23,25,26,27,28,29,31,32,34,36,38,40,42,44,46,48,50,52,54,56,58,60,62,64,66,68,70,72,74,76,78,80,82,84,86,88,90,92,94,96,98,100,102,104,106,108,110,112,114,116,118,120,122,124,126,128,130,132,134,136,138,140,142,144,146,148,150,152,154,156,158,160,162,164,166,168,170,172,174,176,178,180,182,184,186,188,190,192,194,196,198,200,202,204,206,208,210,212,214,216,218,220,222,224,226,228,230,232,234,236,238,240,242,244,246,248,250,252,254,256,258,260,262,264,266,268,270,272,274,276,278,280,282,283,285,286,288,289,291,292,294,295,296,297,298,300,301,303,305,307,309,311,313,314,315,316,317,318,319,320,321,322,323,324,325,326,327,329,331,333,335,337,339,341,343,345,347,349,351,353,355,357,359,361,363,365,367,369,371,373,375,377,379,381,383,385,387,389,391,393,395,397,399,401,403,405,407,409,411,413,415,417,419,421,423,425,427,429,431,433,435,437,439,441,443,445,447,449,451,453,455,457,459,461,463,465,467,469,471,473,475,477,479,481,483,485,487,488,489,490,491,493,495,497,499,501,503,505,507,509,511,513,515,517,519,521,523,525,527,529,531,533,535,537,539,541,543,545,547,549,551,553,555,556,557,558,560,562,564,566,568,570,572,574,576,578,580,582,584,586,588,590,592,594,596,598,600,602,604,606,608,610,612,614,616,618,619,620,622,624,626,628,630,632,634,636,638,640,642,644,646,648,650,652,654,656,658,660,662,664,666,668,670,672,674,676,678,680,682,684,686,688,690,692,694,696,698,700,702,704,706,708,710,712,714,716,718,720,722,724,726,728,730,732,734,736,738,740,742,744,746,748,750,752,754,756,758,760,762,764,766,768,770,772,773,774,775,776,777,778,780,782,784,786,788,789,791,793,795,796,798,799,801,802,804,805,807,808,810,811,813,814,816,818,820,821,823,825,827,829,831,833,835,837,839,841,843,845,847,849,851,853,855,857,858]},{"name":"CL_W1","mesh":0,"extras":{"ElementID":493612,"UniqueId":"17836a3c-e764-47fa-a2e0-08216444f621-0007882c"}},{"name":"CL_W1","mesh":1,"extras":{"ElementID":493879,"UniqueId":"17836a3c-e764-47fa-a2e0-08216444f621-00078937"}},{"name":"Insitu Concrete","mesh":2,"extras":{"ElementID":495352,"UniqueId":"17836a3c-e764-47fa-a2e0-08216444f621-00078ef8"}},{"name":"600 x 600 x 900mm","mesh":3,"extras":{"ElementID":512319,"UniqueId":"656284ae-d84a-4c5c-ae16-d638fa151c7e-0007d13f"}},{"name":"600mm Diameter","mesh":4,"extras":{"ElementID":512321,"UniqueId":"656284ae-d84a-4c5c-ae16-d638fa151c7e-0007d141"}},{"name":"600 x 600 x 900mm","mesh":5,"extras":{"ElementID":512394,"UniqueId":"656284ae-d84a-4c5c-ae16-d638fa151c7e-0007d18a"}},{"name":"600mm Diameter","mesh":6,"extras":{"ElementID":512396,"UniqueId":"656284ae-d84a-4c5c-ae16-d638fa151c7e-0007d18c"}},{"name":"600 x 600 x 900mm","mesh":7,"extras":{"ElementID":512445,"UniqueId":"656284ae-d84a-4c5c-ae16-d638fa151c7e-0007d1bd"}},{"name":"600mm Diameter","mesh":8,"extras":{"ElementID":512447,"UniqueId":"656284ae-d84a-4c5c-ae16-d638fa151c7e-0007d1bf"}},{"name":"600 x 600 x 900mm","mesh":9,"extras":{"ElementID":512449,"UniqueId":"656284ae-d84a-4c5c-ae16-d638fa151c7e-0007d1c1"}},{"name":"600mm Diameter","mesh":10,"extras":{"ElementID":512451,"UniqueId":"656284ae-d84a-4c5c-ae16-d638fa151c7e-0007d1c3"}},{"name":"600 x 600 x 900mm","mesh":11,"extras":{"ElementID":512469,"UniqueId":"656284ae-d84a-4c5c-ae16-d638fa151c7e-0007d1d5"}},{"name":"600mm Diameter","mesh":12,"extras":{"ElementID":512471,"UniqueId":"656284ae-d84a-4c5c-ae16-d638fa151c7e-0007d1d7"}},{"name":"600 x 600 x 900mm","mesh":13,"extras":{"ElementID":512473,"UniqueId":"656284ae-d84a-4c5c-ae16-d638fa151c7e-0007d1d9"}},{"name":"600mm Diameter","mesh":14,"extras":{"ElementID":512475,"UniqueId":"656284ae-d84a-4c5c-ae16-d638fa151c7e-0007d1db"}},{"name":"600 x 600 x 900mm","mesh":15,"extras":{"ElementID":512522,"UniqueId":"656284ae-d84a-4c5c-ae16-d638fa151c7e-0007d20a"}},{"name":"600mm Diameter","mesh":16,"extras":{"ElementID":512524,"UniqueId":"656284ae-d84a-4c5c-ae16-d638fa151c7e-0007d20c"}},{"name":"600 x 600 x 900mm","mesh":17,"extras":{"ElementID":512526,"UniqueId":"656284ae-d84a-4c5c-ae16-d638fa151c7e-0007d20e"}},{"name":"600mm Diameter","mesh":18,"extras":{"ElementID":512528,"UniqueId":"656284ae-d84a-4c5c-ae16-d638fa151c7e-0007d210"}},{"name":"Stringer - 50 mm Width","mesh":19},{"name":"Stringer - 50 mm Width","mesh":20},{"name":"梯段(内部)","mesh":21},{"name":"楼梯","children":[20,21,22],"extras":{"ElementID":513254,"UniqueId":"079d150e-b61b-46bb-a991-2bbcfc2d317a-0007d4e6"}},{"name":"梯段(内部)","mesh":22},{"name":"50 mm Tread 13 mm Riser","children":[24],"extras":{"ElementID":513309,"UniqueId":"079d150e-b61b-46bb-a991-2bbcfc2d317a-0007d51d"}},{"name":"CL_W1","mesh":23,"extras":{"ElementID":627064,"UniqueId":"5b7ac240-e9a7-43b2-b6bf-246956549a40-00099178"}},{"name":"CL_W1","mesh":24,"extras":{"ElementID":627729,"UniqueId":"5b7ac240-e9a7-43b2-b6bf-246956549a40-00099411"}},{"name":"CL_W1","mesh":25,"extras":{"ElementID":628523,"UniqueId":"5b7ac240-e9a7-43b2-b6bf-246956549a40-0009972b"}},{"name":"Insitu Concrete 250mm","mesh":26,"extras":{"ElementID":647908,"UniqueId":"66314231-2860-4f9f-87a8-f581c5b96b2f-0009e2e4"}},{"name":"200UB25.4","mesh":27,"matrix":[-1.0,2.9677405685975659E-13,0.0,0.0,-2.9677405685975659E-13,-1.0,0.0,0.0,0.0,0.0,1.0,0.0,-6.3584923968581721,8.8481168681723847,0.0,1.0]},{"name":"200UB25.4","children":[30],"extras":{"ElementID":1046264,"UniqueId":"fd542353-5aed-4ee2-8baa-b1272d401016-000ff6f8"}},{"name":"200UB25.4","mesh":28,"extras":{"ElementID":1046268,"UniqueId":"fd542353-5aed-4ee2-8baa-b1272d401016-000ff6fc"}},{"name":"88.9x5.0CHS","mesh":29,"matrix":[1.0,-2.9665159217984178E-13,0.0,0.0,2.9665159217984178E-13,1.0,0.0,0.0,0.0,0.0,1.0,0.0,37.932846185816047,-10.503917252562831,19.685039370078741,1.0]},{"name":"88.9x5.0CHS","children":[33],"extras":{"ElementID":1046278,"UniqueId":"fd542353-5aed-4ee2-8baa-b1272d401016-000ff706"}},{"name":"88.9x5.0CHS","mesh":29,"matrix":[1.0,-2.9665159217984178E-13,0.0,0.0,2.9665159217984178E-13,1.0,0.0,0.0,0.0,0.0,1.0,0.0,28.09032650077668,-10.503917252559912,19.685039370078741,1.0]},{"name":"88.9x5.0CHS","children":[35],"extras":{"ElementID":1046281,"UniqueId":"fd542353-5aed-4ee2-8baa-b1272d401016-000ff709"}},{"name":"88.9x5.0CHS","mesh":29,"matrix":[1.0,-2.9665159217984193E-13,0.0,0.0,2.9665159217984193E-13,1.0,0.0,0.0,0.0,0.0,1.0,0.0,18.247806815737313,-10.503917252556992,19.685039370078741,1.0]},{"name":"88.9x5.0CHS","children":[37],"extras":{"ElementID":1046284,"UniqueId":"fd542353-5aed-4ee2-8baa-b1272d401016-000ff70c"}},{"name":"88.9x5.0CHS","mesh":29,"matrix":[1.0,-2.9665159217984163E-13,0.0,0.0,2.9665159217984163E-13,1.0,0.0,0.0,0.0,0.0,1.0,0.0,8.40528713069794,-10.503917252554071,19.685039370078741,1.0]},{"name":"88.9x5.0CHS","children":[39],"extras":{"ElementID":1046287,"UniqueId":"fd542353-5aed-4ee2-8baa-b1272d401016-000ff70f"}},{"name":"88.9x5.0CHS","mesh":29,"matrix":[1.0,-2.9665159217984213E-13,0.0,0.0,2.9665159217984213E-13,1.0,0.0,0.0,0.0,0.0,1.0,0.0,-1.4372325543414277,-10.503917252551151,19.685039370078741,1.0]},{"name":"88.9x5.0CHS","children":[41],"extras":{"ElementID":1046290,"UniqueId":"fd542353-5aed-4ee2-8baa-b1272d401016-000ff712"}},{"name":"SC15012","mesh":30,"matrix":[1.0,-2.9665483403107373E-13,0.0,0.0,2.0976664481517316E-13,0.70710678118665249,0.70710678118644266,0.0,-2.0976664481511091E-13,-0.70710678118644266,0.70710678118665249,0.0,28.090326500776765,-10.216249139478675,20.325332912098013,1.0]},{"name":"SC15012","children":[43],"extras":{"ElementID":1046298,"UniqueId":"fd542353-5aed-4ee2-8baa-b1272d401016-000ff71a"}},{"name":"SC15012","mesh":30,"matrix":[1.0,-2.9664919409810873E-13,0.0,0.0,2.0976265678032816E-13,0.70710678118665249,0.70710678118644266,0.0,-2.0976265678026594E-13,-0.70710678118644266,0.70710678118665249,0.0,18.2478068157374,-10.216249139475755,20.325332912098013,1.0]},{"name":"SC15012","children":[45],"extras":{"ElementID":1046300,"UniqueId":"fd542353-5aed-4ee2-8baa-b1272d401016-000ff71c"}},{"name":"SC15012","mesh":30,"matrix":[1.0,-2.9664919409810863E-13,0.0,0.0,2.0976265678032811E-13,0.70710678118665249,0.70710678118644266,0.0,-2.0976265678026586E-13,-0.70710678118644266,0.70710678118665249,0.0,8.4052871306980279,-10.216249139472836,20.325332912098013,1.0]},{"name":"SC15012","children":[47],"extras":{"ElementID":1046302,"UniqueId":"fd542353-5aed-4ee2-8baa-b1272d401016-000ff71e"}},{"name":"SC15012","mesh":30,"matrix":[1.0,-2.9665483403107373E-13,0.0,0.0,2.0976664481517316E-13,0.70710678118665249,0.70710678118644266,0.0,-2.0976664481511091E-13,-0.70710678118644266,0.70710678118665249,0.0,-1.4372325543413416,-10.216249139469916,20.325332912098013,1.0]},{"name":"SC15012","children":[49],"extras":{"ElementID":1046304,"UniqueId":"fd542353-5aed-4ee2-8baa-b1272d401016-000ff720"}},{"name":"SC15012","mesh":31,"matrix":[1.0,-2.9664919409810863E-13,0.0,0.0,2.0976265678032811E-13,0.70710678118665249,0.70710678118644266,0.0,-2.0976265678026586E-13,-0.70710678118644266,0.70710678118665249,0.0,-13.740382160639117,-10.216249139466266,20.325332912098013,1.0]},{"name":"SC15012","children":[51],"extras":{"ElementID":1046306,"UniqueId":"fd542353-5aed-4ee2-8baa-b1272d401016-000ff722"}},{"name":"SC15012","mesh":30,"matrix":[1.0,-2.966379142321785E-13,0.0,0.0,2.0975468071063802E-13,0.70710678118665249,0.70710678118644266,0.0,-2.0975468071057579E-13,-0.70710678118644266,0.70710678118665249,0.0,37.932846185816516,-8.9427408494903418,21.598841202088888,1.0]},{"name":"SC15012","children":[53],"extras":{"ElementID":1046308,"UniqueId":"fd542353-5aed-4ee2-8baa-b1272d401016-000ff724"}},{"name":"SC15012","mesh":30,"matrix":[1.0,-2.9666047396403887E-13,0.0,0.0,2.0977063285001826E-13,0.70710678118665249,0.70710678118644266,0.0,-2.09770632849956E-13,-0.70710678118644266,0.70710678118665249,0.0,28.090326500777145,-8.9427408494874214,21.598841202088888,1.0]},{"name":"SC15012","children":[55],"extras":{"ElementID":1046310,"UniqueId":"fd542353-5aed-4ee2-8baa-b1272d401016-000ff726"}},{"name":"SC15012","mesh":30,"matrix":[1.0,-2.9663791423217835E-13,0.0,0.0,2.0975468071063792E-13,0.70710678118665249,0.70710678118644266,0.0,-2.0975468071057567E-13,-0.70710678118644266,0.70710678118665249,0.0,18.247806815737775,-8.9427408494845029,21.598841202088888,1.0]},{"name":"SC15012","children":[57],"extras":{"ElementID":1046312,"UniqueId":"fd542353-5aed-4ee2-8baa-b1272d401016-000ff728"}},{"name":"SC15012","mesh":30,"matrix":[1.0,-2.9666047396403892E-13,0.0,0.0,2.0977063285001829E-13,0.70710678118665249,0.70710678118644266,0.0,-2.0977063284995604E-13,-0.70710678118644266,0.70710678118665249,0.0,8.4052871306984045,-8.9427408494815825,21.598841202088888,1.0]},{"name":"SC15012","children":[59],"extras":{"ElementID":1046314,"UniqueId":"fd542353-5aed-4ee2-8baa-b1272d401016-000ff72a"}},{"name":"SC15012","mesh":30,"matrix":[1.0,-2.9666047396403882E-13,0.0,0.0,2.0977063285001821E-13,0.70710678118665249,0.70710678118644266,0.0,-2.0977063284995596E-13,-0.70710678118644266,0.70710678118665249,0.0,-1.437232554340965,-8.9427408494786622,21.598841202088888,1.0]},{"name":"SC15012","children":[61],"extras":{"ElementID":1046316,"UniqueId":"fd542353-5aed-4ee2-8baa-b1272d401016-000ff72c"}},{"name":"SC15012","mesh":31,"matrix":[1.0,-2.9663791423217845E-13,0.0,0.0,2.09754680710638E-13,0.70710678118665249,0.70710678118644266,0.0,-2.0975468071057574E-13,-0.70710678118644266,0.70710678118665249,0.0,-13.740382160638928,-8.9427408494750118,21.598841202088888,1.0]},{"name":"SC15012","children":[63],"extras":{"ElementID":1046318,"UniqueId":"fd542353-5aed-4ee2-8baa-b1272d401016-000ff72e"}},{"name":"SC15012","mesh":30,"matrix":[1.0,-2.9661535450031807E-13,0.0,0.0,2.0973872857125778E-13,0.70710678118665249,0.70710678118644266,0.0,-2.0973872857119553E-13,-0.70710678118644266,0.70710678118665249,0.0,37.9328461858169,-7.6692325594990862,22.872349492079763,1.0]},{"name":"SC15012","children":[65],"extras":{"ElementID":1046320,"UniqueId":"fd542353-5aed-4ee2-8baa-b1272d401016-000ff730"}},{"name":"SC15012","mesh":30,"matrix":[1.0,-2.9666047396403887E-13,0.0,0.0,2.0977063285001826E-13,0.70710678118665249,0.70710678118644266,0.0,-2.09770632849956E-13,-0.70710678118644266,0.70710678118665249,0.0,28.090326500777522,-7.6692325594961668,22.872349492079763,1.0]},{"name":"SC15012","children":[67],"extras":{"ElementID":1046322,"UniqueId":"fd542353-5aed-4ee2-8baa-b1272d401016-000ff732"}},{"name":"SC15012","mesh":30,"matrix":[1.0,-2.9666047396403882E-13,0.0,0.0,2.0977063285001821E-13,0.70710678118665249,0.70710678118644266,0.0,-2.0977063284995596E-13,-0.70710678118644266,0.70710678118665249,0.0,18.247806815738151,-7.6692325594932473,22.872349492079763,1.0]},{"name":"SC15012","children":[69],"extras":{"ElementID":1046324,"UniqueId":"fd542353-5aed-4ee2-8baa-b1272d401016-000ff734"}},{"name":"SC15012","mesh":30,"matrix":[1.0,-2.9666047396403882E-13,0.0,0.0,2.0977063285001821E-13,0.70710678118665249,0.70710678118644266,0.0,-2.0977063284995596E-13,-0.70710678118644266,0.70710678118665249,0.0,8.4052871306987811,-7.6692325594903279,22.872349492079763,1.0]},{"name":"SC15012","children":[71],"extras":{"ElementID":1046326,"UniqueId":"fd542353-5aed-4ee2-8baa-b1272d401016-000ff736"}},{"name":"SC15012","mesh":30,"matrix":[1.0,-2.9666047396403882E-13,0.0,0.0,2.0977063285001821E-13,0.70710678118665249,0.70710678118644266,0.0,-2.0977063284995596E-13,-0.70710678118644266,0.70710678118665249,0.0,-1.4372325543405884,-7.6692325594874076,22.872349492079763,1.0]},{"name":"SC15012","children":[73],"extras":{"ElementID":1046328,"UniqueId":"fd542353-5aed-4ee2-8baa-b1272d401016-000ff738"}},{"name":"SC15012","mesh":31,"matrix":[1.0,-2.9661535450031827E-13,0.0,0.0,2.097387285712579E-13,0.70710678118665249,0.70710678118644266,0.0,-2.0973872857119568E-13,-0.70710678118644266,0.70710678118665249,0.0,-13.74038216063874,-7.669232559483758,22.872349492079763,1.0]},{"name":"SC15012","children":[75],"extras":{"ElementID":1046330,"UniqueId":"fd542353-5aed-4ee2-8baa-b1272d401016-000ff73a"}},{"name":"SC15012","mesh":30,"matrix":[1.0,-2.9661535450031807E-13,0.0,0.0,2.0973872857125778E-13,0.70710678118665249,0.70710678118644266,0.0,-2.0973872857119553E-13,-0.70710678118644266,0.70710678118665249,0.0,37.932846185817269,-6.3957242695078325,24.145857782070642,1.0]},{"name":"SC15012","children":[77],"extras":{"ElementID":1046332,"UniqueId":"fd542353-5aed-4ee2-8baa-b1272d401016-000ff73c"}},{"name":"SC15012","mesh":30,"matrix":[1.0,-2.9661535450031807E-13,0.0,0.0,2.0973872857125778E-13,0.70710678118665249,0.70710678118644266,0.0,-2.0973872857119553E-13,-0.70710678118644266,0.70710678118665249,0.0,28.0903265007779,-6.3957242695049139,24.145857782070642,1.0]},{"name":"SC15012","children":[79],"extras":{"ElementID":1046334,"UniqueId":"fd542353-5aed-4ee2-8baa-b1272d401016-000ff73e"}},{"name":"SC15012","mesh":30,"matrix":[1.0,-2.9670559342775957E-13,0.0,0.0,2.0980253712877867E-13,0.70710678118665249,0.70710678118644266,0.0,-2.0980253712871639E-13,-0.70710678118644266,0.70710678118665249,0.0,18.247806815738528,-6.3957242695019936,24.145857782070642,1.0]},{"name":"SC15012","children":[81],"extras":{"ElementID":1046336,"UniqueId":"fd542353-5aed-4ee2-8baa-b1272d401016-000ff740"}},{"name":"SC15012","mesh":30,"matrix":[1.0,-2.9661535450031807E-13,0.0,0.0,2.0973872857125778E-13,0.70710678118665249,0.70710678118644266,0.0,-2.0973872857119553E-13,-0.70710678118644266,0.70710678118665249,0.0,8.4052871306991577,-6.3957242694990732,24.145857782070642,1.0]},{"name":"SC15012","children":[83],"extras":{"ElementID":1046338,"UniqueId":"fd542353-5aed-4ee2-8baa-b1272d401016-000ff742"}},{"name":"SC15012","mesh":30,"matrix":[1.0,-2.9670559342775957E-13,0.0,0.0,2.0980253712877867E-13,0.70710678118665249,0.70710678118644266,0.0,-2.0980253712871639E-13,-0.70710678118644266,0.70710678118665249,0.0,-1.4372325543402118,-6.3957242694961538,24.145857782070642,1.0]},{"name":"SC15012","children":[85],"extras":{"ElementID":1046340,"UniqueId":"fd542353-5aed-4ee2-8baa-b1272d401016-000ff744"}},{"name":"SC15012","mesh":31,"matrix":[1.0,-2.9661535450031807E-13,0.0,0.0,2.0973872857125778E-13,0.70710678118665249,0.70710678118644266,0.0,-2.0973872857119553E-13,-0.70710678118644266,0.70710678118665249,0.0,-13.740382160638552,-6.3957242694925043,24.145857782070642,1.0]},{"name":"SC15012","children":[87],"extras":{"ElementID":1046342,"UniqueId":"fd542353-5aed-4ee2-8baa-b1272d401016-000ff746"}},{"name":"SC15012","mesh":30,"matrix":[1.0,-2.9670559342775962E-13,0.0,0.0,2.0980253712877869E-13,0.70710678118665249,0.70710678118644266,0.0,-2.0980253712871644E-13,-0.70710678118644266,0.70710678118665249,0.0,37.932846185817645,-5.12221597951658,25.419366072061514,1.0]},{"name":"SC15012","children":[89],"extras":{"ElementID":1046344,"UniqueId":"fd542353-5aed-4ee2-8baa-b1272d401016-000ff748"}},{"name":"SC15012","mesh":32,"matrix":[1.0,-2.9661535450031812E-13,0.0,0.0,2.097387285712578E-13,0.70710678118665249,0.70710678118644266,0.0,-2.0973872857119558E-13,-0.70710678118644266,0.70710678118665249,0.0,28.090326500778279,-5.12221597951366,25.419366072061514,1.0]},{"name":"SC15012","children":[91],"extras":{"ElementID":1046346,"UniqueId":"fd542353-5aed-4ee2-8baa-b1272d401016-000ff74a"}},{"name":"SC15012","mesh":30,"matrix":[1.0,-2.9670559342775957E-13,0.0,0.0,2.0980253712877867E-13,0.70710678118665249,0.70710678118644266,0.0,-2.0980253712871639E-13,-0.70710678118644266,0.70710678118665249,0.0,18.247806815738912,-5.12221597951074,25.419366072061514,1.0]},{"name":"SC15012","children":[93],"extras":{"ElementID":1046348,"UniqueId":"fd542353-5aed-4ee2-8baa-b1272d401016-000ff74c"}},{"name":"SC15012","mesh":30,"matrix":[1.0,-2.9661535450031817E-13,0.0,0.0,2.0973872857125785E-13,0.70710678118665249,0.70710678118644266,0.0,-2.097387285711956E-13,-0.70710678118644266,0.70710678118665249,0.0,8.4052871306995414,-5.1222159795078195,25.419366072061514,1.0]},{"name":"SC15012","children":[95],"extras":{"ElementID":1046350,"UniqueId":"fd542353-5aed-4ee2-8baa-b1272d401016-000ff74e"}},{"name":"SC15012","mesh":32,"matrix":[1.0,-2.9670559342775957E-13,0.0,0.0,2.0980253712877867E-13,0.70710678118665249,0.70710678118644266,0.0,-2.0980253712871639E-13,-0.70710678118644266,0.70710678118665249,0.0,-1.4372325543398281,-5.1222159795049,25.419366072061514,1.0]},{"name":"SC15012","children":[97],"extras":{"ElementID":1046352,"UniqueId":"fd542353-5aed-4ee2-8baa-b1272d401016-000ff750"}},{"name":"SC15012","mesh":31,"matrix":[1.0,-2.9661535450031782E-13,0.0,0.0,2.097387285712576E-13,0.70710678118665249,0.70710678118644266,0.0,-2.0973872857119535E-13,-0.70710678118644266,0.70710678118665249,0.0,-13.74038216063836,-5.1222159795012505,25.419366072061514,1.0]},{"name":"SC15012","children":[99],"extras":{"ElementID":1046354,"UniqueId":"fd542353-5aed-4ee2-8baa-b1272d401016-000ff752"}},{"name":"SC15012","mesh":30,"matrix":[1.0,-2.9670559342775957E-13,0.0,0.0,2.0980253712877867E-13,0.70710678118665249,0.70710678118644266,0.0,-2.0980253712871639E-13,-0.70710678118644266,0.70710678118665249,0.0,37.932846185818022,-3.8487076895253263,26.69287436205239,1.0]},{"name":"SC15012","children":[101],"extras":{"ElementID":1046356,"UniqueId":"fd542353-5aed-4ee2-8baa-b1272d401016-000ff754"}},{"name":"SC15012","mesh":30,"matrix":[1.0,-2.96615354500318E-13,0.0,0.0,2.0973872857125773E-13,0.70710678118665249,0.70710678118644266,0.0,-2.097387285711955E-13,-0.70710678118644266,0.70710678118665249,0.0,28.090326500778652,-3.8487076895224064,26.69287436205239,1.0]},{"name":"SC15012","children":[103],"extras":{"ElementID":1046358,"UniqueId":"fd542353-5aed-4ee2-8baa-b1272d401016-000ff756"}},{"name":"SC15012","mesh":30,"matrix":[1.0,-2.9670559342775982E-13,0.0,0.0,2.0980253712877885E-13,0.70710678118665249,0.70710678118644266,0.0,-2.0980253712871659E-13,-0.70710678118644266,0.70710678118665249,0.0,18.247806815739288,-3.8487076895194865,26.69287436205239,1.0]},{"name":"SC15012","children":[105],"extras":{"ElementID":1046360,"UniqueId":"fd542353-5aed-4ee2-8baa-b1272d401016-000ff758"}},{"name":"SC15012","mesh":30,"matrix":[1.0,-2.9661535450031807E-13,0.0,0.0,2.0973872857125778E-13,0.70710678118665249,0.70710678118644266,0.0,-2.0973872857119553E-13,-0.70710678118644266,0.70710678118665249,0.0,8.405287130699918,-3.8487076895165666,26.69287436205239,1.0]},{"name":"SC15012","children":[107],"extras":{"ElementID":1046362,"UniqueId":"fd542353-5aed-4ee2-8baa-b1272d401016-000ff75a"}},{"name":"SC15012","mesh":30,"matrix":[1.0,-2.9661535450031807E-13,0.0,0.0,2.0973872857125778E-13,0.70710678118665249,0.70710678118644266,0.0,-2.0973872857119553E-13,-0.70710678118644266,0.70710678118665249,0.0,-1.4372325543394515,-3.8487076895136472,26.69287436205239,1.0]},{"name":"SC15012","children":[109],"extras":{"ElementID":1046364,"UniqueId":"fd542353-5aed-4ee2-8baa-b1272d401016-000ff75c"}},{"name":"SC15012","mesh":31,"matrix":[1.0,-2.9670559342775957E-13,0.0,0.0,2.0980253712877867E-13,0.70710678118665249,0.70710678118644266,0.0,-2.0980253712871639E-13,-0.70710678118644266,0.70710678118665249,0.0,-13.740382160638172,-3.8487076895099972,26.69287436205239,1.0]},{"name":"SC15012","children":[111],"extras":{"ElementID":1046366,"UniqueId":"fd542353-5aed-4ee2-8baa-b1272d401016-000ff75e"}},{"name":"SC15012","mesh":30,"matrix":[1.0,-2.9670559342775957E-13,0.0,0.0,2.0980253712877867E-13,0.70710678118665249,0.70710678118644266,0.0,-2.0980253712871639E-13,-0.70710678118644266,0.70710678118665249,0.0,37.932846185818406,-2.5751993995340725,27.966382652043265,1.0]},{"name":"SC15012","children":[113],"extras":{"ElementID":1046368,"UniqueId":"fd542353-5aed-4ee2-8baa-b1272d401016-000ff760"}},{"name":"SC15012","mesh":30,"matrix":[1.0,-2.9670559342775957E-13,0.0,0.0,2.0980253712877867E-13,0.70710678118665249,0.70710678118644266,0.0,-2.0980253712871639E-13,-0.70710678118644266,0.70710678118665249,0.0,28.090326500779032,-2.5751993995311522,27.966382652043265,1.0]},{"name":"SC15012","children":[115],"extras":{"ElementID":1046370,"UniqueId":"fd542353-5aed-4ee2-8baa-b1272d401016-000ff762"}},{"name":"SC15012","mesh":30,"matrix":[1.0,-2.9652511557287662E-13,0.0,0.0,2.0967492001373691E-13,0.70710678118665249,0.70710678118644266,0.0,-2.0967492001367468E-13,-0.70710678118644266,0.70710678118665249,0.0,18.247806815739665,-2.5751993995282327,27.966382652043265,1.0]},{"name":"SC15012","children":[117],"extras":{"ElementID":1046372,"UniqueId":"fd542353-5aed-4ee2-8baa-b1272d401016-000ff764"}},{"name":"SC15012","mesh":30,"matrix":[1.0,-2.9670559342775957E-13,0.0,0.0,2.0980253712877867E-13,0.70710678118665249,0.70710678118644266,0.0,-2.0980253712871639E-13,-0.70710678118644266,0.70710678118665249,0.0,8.4052871307002945,-2.5751993995253133,27.966382652043265,1.0]},{"name":"SC15012","children":[119],"extras":{"ElementID":1046374,"UniqueId":"fd542353-5aed-4ee2-8baa-b1272d401016-000ff766"}},{"name":"SC15012","mesh":30,"matrix":[1.0,-2.9670559342775957E-13,0.0,0.0,2.0980253712877867E-13,0.70710678118665249,0.70710678118644266,0.0,-2.0980253712871639E-13,-0.70710678118644266,0.70710678118665249,0.0,-1.4372325543390749,-2.575199399522393,27.966382652043265,1.0]},{"name":"SC15012","children":[121],"extras":{"ElementID":1046376,"UniqueId":"fd542353-5aed-4ee2-8baa-b1272d401016-000ff768"}},{"name":"SC15012","mesh":31,"matrix":[1.0,-2.9652511557287652E-13,0.0,0.0,2.0967492001373683E-13,0.70710678118665249,0.70710678118644266,0.0,-2.0967492001367461E-13,-0.70710678118644266,0.70710678118665249,0.0,-13.740382160637983,-2.5751993995187439,27.966382652043265,1.0]},{"name":"SC15012","children":[123],"extras":{"ElementID":1046378,"UniqueId":"fd542353-5aed-4ee2-8baa-b1272d401016-000ff76a"}},{"name":"SC15012","mesh":30,"matrix":[1.0,-2.9670559342775962E-13,0.0,0.0,2.0980253712877869E-13,0.70710678118665249,0.70710678118644266,0.0,-2.0980253712871644E-13,-0.70710678118644266,0.70710678118665249,0.0,37.932846185818782,-1.3016911095428183,29.239890942034144,1.0]},{"name":"SC15012","children":[125],"extras":{"ElementID":1046380,"UniqueId":"fd542353-5aed-4ee2-8baa-b1272d401016-000ff76c"}},{"name":"SC15012","mesh":33,"matrix":[1.0,-2.9652511557287657E-13,0.0,0.0,2.0967492001373688E-13,0.70710678118665249,0.70710678118644266,0.0,-2.0967492001367466E-13,-0.70710678118644266,0.70710678118665249,0.0,28.090326500779412,-1.3016911095398989,29.239890942034144,1.0]},{"name":"SC15012","children":[127],"extras":{"ElementID":1046382,"UniqueId":"fd542353-5aed-4ee2-8baa-b1272d401016-000ff76e"}},{"name":"SC15012","mesh":30,"matrix":[1.0,-2.9670559342775947E-13,0.0,0.0,2.0980253712877859E-13,0.70710678118665249,0.70710678118644266,0.0,-2.0980253712871634E-13,-0.70710678118644266,0.70710678118665249,0.0,18.247806815740041,-1.3016911095369794,29.239890942034144,1.0]},{"name":"SC15012","children":[129],"extras":{"ElementID":1046384,"UniqueId":"fd542353-5aed-4ee2-8baa-b1272d401016-000ff770"}},{"name":"SC15012","mesh":30,"matrix":[1.0,-2.9670559342775967E-13,0.0,0.0,2.0980253712877874E-13,0.70710678118665249,0.70710678118644266,0.0,-2.0980253712871647E-13,-0.70710678118644266,0.70710678118665249,0.0,8.4052871307006711,-1.3016911095340591,29.239890942034144,1.0]},{"name":"SC15012","children":[131],"extras":{"ElementID":1046386,"UniqueId":"fd542353-5aed-4ee2-8baa-b1272d401016-000ff772"}},{"name":"SC15012","mesh":33,"matrix":[1.0,-2.9670559342775957E-13,0.0,0.0,2.0980253712877867E-13,0.70710678118665249,0.70710678118644266,0.0,-2.0980253712871639E-13,-0.70710678118644266,0.70710678118665249,0.0,-1.4372325543386983,-1.3016911095311388,29.239890942034144,1.0]},{"name":"SC15012","children":[133],"extras":{"ElementID":1046388,"UniqueId":"fd542353-5aed-4ee2-8baa-b1272d401016-000ff774"}},{"name":"SC15012","mesh":31,"matrix":[1.0,-2.9652511557287672E-13,0.0,0.0,2.0967492001373699E-13,0.70710678118665249,0.70710678118644266,0.0,-2.0967492001367476E-13,-0.70710678118644266,0.70710678118665249,0.0,-13.740382160637795,-1.3016911095274897,29.239890942034144,1.0]},{"name":"SC15012","children":[135],"extras":{"ElementID":1046390,"UniqueId":"fd542353-5aed-4ee2-8baa-b1272d401016-000ff776"}},{"name":"88.9x5.0CHS","mesh":29,"matrix":[1.0,-2.9652511557287652E-13,0.0,0.0,2.9652511557287652E-13,1.0,0.0,0.0,0.0,0.0,1.0,0.0,37.932846185818974,-0.661397567523461,29.527559055115191,1.0]},{"name":"88.9x5.0CHS","children":[137],"extras":{"ElementID":1046392,"UniqueId":"fd542353-5aed-4ee2-8baa-b1272d401016-000ff778"}},{"name":"88.9x5.0CHS","mesh":29,"matrix":[1.0,-2.9670559342775957E-13,0.0,0.0,2.9670559342775957E-13,1.0,0.0,0.0,0.0,0.0,1.0,0.0,28.0903265007796,-0.66139756752054157,29.527559055115191,1.0]},{"name":"88.9x5.0CHS","children":[139],"extras":{"ElementID":1046394,"UniqueId":"fd542353-5aed-4ee2-8baa-b1272d401016-000ff77a"}},{"name":"88.9x5.0CHS","mesh":29,"matrix":[1.0,-2.9670559342775967E-13,0.0,0.0,2.9670559342775967E-13,1.0,0.0,0.0,0.0,0.0,1.0,0.0,18.247806815740233,-0.66139756751762124,29.527559055115191,1.0]},{"name":"88.9x5.0CHS","children":[141],"extras":{"ElementID":1046396,"UniqueId":"fd542353-5aed-4ee2-8baa-b1272d401016-000ff77c"}},{"name":"88.9x5.0CHS","mesh":29,"matrix":[1.0,-2.9652511557287642E-13,0.0,0.0,2.9652511557287642E-13,1.0,0.0,0.0,0.0,0.0,1.0,0.0,8.4052871307008612,-0.6613975675147018,29.527559055115191,1.0]},{"name":"88.9x5.0CHS","children":[143],"extras":{"ElementID":1046398,"UniqueId":"fd542353-5aed-4ee2-8baa-b1272d401016-000ff77e"}},{"name":"88.9x5.0CHS","mesh":29,"matrix":[1.0,-2.9670559342775957E-13,0.0,0.0,2.9670559342775957E-13,1.0,0.0,0.0,0.0,0.0,1.0,0.0,-1.4372325543385109,-0.66139756751178236,29.527559055115191,1.0]},{"name":"88.9x5.0CHS","children":[145],"extras":{"ElementID":1046400,"UniqueId":"fd542353-5aed-4ee2-8baa-b1272d401016-000ff780"}},{"name":"88.9x5.0CHS","mesh":29,"matrix":[1.0,-2.9670559342775957E-13,0.0,0.0,2.9670559342775957E-13,1.0,0.0,0.0,0.0,0.0,1.0,0.0,-11.279752239377881,-0.661397567508862,29.527559055115191,1.0]},{"name":"88.9x5.0CHS","children":[147],"extras":{"ElementID":1046402,"UniqueId":"fd542353-5aed-4ee2-8baa-b1272d401016-000ff782"}},{"name":"SC15012","mesh":30,"matrix":[1.0,-2.9670559342775957E-13,0.0,0.0,2.0980253712877867E-13,0.70710678118665249,-0.70710678118644266,0.0,2.0980253712871639E-13,0.70710678118644266,0.70710678118665249,0.0,37.932846185819159,-0.021104025504103535,29.239890942034144,1.0]},{"name":"SC15012","children":[149],"extras":{"ElementID":1046404,"UniqueId":"fd542353-5aed-4ee2-8baa-b1272d401016-000ff784"}},{"name":"SC15012","mesh":30,"matrix":[1.0,-2.9652511557287657E-13,0.0,0.0,2.0967492001373688E-13,0.70710678118665249,-0.70710678118644266,0.0,2.0967492001367466E-13,0.70710678118644266,0.70710678118665249,0.0,28.090326500779792,-0.021104025501184093,29.239890942034144,1.0]},{"name":"SC15012","children":[151],"extras":{"ElementID":1046406,"UniqueId":"fd542353-5aed-4ee2-8baa-b1272d401016-000ff786"}},{"name":"SC15012","mesh":30,"matrix":[1.0,-2.9670559342775967E-13,0.0,0.0,2.0980253712877874E-13,0.70710678118665249,-0.70710678118644266,0.0,2.0980253712871647E-13,0.70710678118644266,0.70710678118665249,0.0,18.247806815740422,-0.02110402549826465,29.239890942034144,1.0]},{"name":"SC15012","children":[153],"extras":{"ElementID":1046408,"UniqueId":"fd542353-5aed-4ee2-8baa-b1272d401016-000ff788"}},{"name":"SC15012","mesh":30,"matrix":[1.0,-2.9670559342775957E-13,0.0,0.0,2.0980253712877867E-13,0.70710678118665249,-0.70710678118644266,0.0,2.0980253712871639E-13,0.70710678118644266,0.70710678118665249,0.0,8.4052871307010548,-0.02110402549534432,29.239890942034144,1.0]},{"name":"SC15012","children":[155],"extras":{"ElementID":1046410,"UniqueId":"fd542353-5aed-4ee2-8baa-b1272d401016-000ff78a"}},{"name":"SC15012","mesh":30,"matrix":[1.0,-2.9670559342775957E-13,0.0,0.0,2.0980253712877867E-13,0.70710678118665249,-0.70710678118644266,0.0,2.0980253712871639E-13,0.70710678118644266,0.70710678118665249,0.0,-1.4372325543383164,-0.021104025492423989,29.239890942034144,1.0]},{"name":"SC15012","children":[157],"extras":{"ElementID":1046412,"UniqueId":"fd542353-5aed-4ee2-8baa-b1272d401016-000ff78c"}},{"name":"SC15012","mesh":31,"matrix":[1.0,-2.9652511557287632E-13,0.0,0.0,2.0967492001373671E-13,0.70710678118665249,-0.70710678118644266,0.0,2.0967492001367448E-13,0.70710678118644266,0.70710678118665249,0.0,-13.740382160637603,-0.021104025488774908,29.239890942034144,1.0]},{"name":"SC15012","children":[159],"extras":{"ElementID":1046414,"UniqueId":"fd542353-5aed-4ee2-8baa-b1272d401016-000ff78e"}},{"name":"SC15012","mesh":30,"matrix":[1.0,-2.9670559342775957E-13,0.0,0.0,2.0980253712877867E-13,0.70710678118665249,-0.70710678118644266,0.0,2.0980253712871639E-13,0.70710678118644266,0.70710678118665249,0.0,37.932846185819528,1.2524042644871503,27.966382652043265,1.0]},{"name":"SC15012","children":[161],"extras":{"ElementID":1046416,"UniqueId":"fd542353-5aed-4ee2-8baa-b1272d401016-000ff790"}},{"name":"SC15012","mesh":30,"matrix":[1.0,-2.9652511557287652E-13,0.0,0.0,2.0967492001373683E-13,0.70710678118665249,-0.70710678118644266,0.0,2.0967492001367461E-13,0.70710678118644266,0.70710678118665249,0.0,28.090326500780169,1.2524042644900697,27.966382652043265,1.0]},{"name":"SC15012","children":[163],"extras":{"ElementID":1046418,"UniqueId":"fd542353-5aed-4ee2-8baa-b1272d401016-000ff792"}},{"name":"SC15012","mesh":30,"matrix":[1.0,-2.9670559342775957E-13,0.0,0.0,2.0980253712877867E-13,0.70710678118665249,-0.70710678118644266,0.0,2.0980253712871639E-13,0.70710678118644266,0.70710678118665249,0.0,18.247806815740795,1.2524042644929891,27.966382652043265,1.0]},{"name":"SC15012","children":[165],"extras":{"ElementID":1046420,"UniqueId":"fd542353-5aed-4ee2-8baa-b1272d401016-000ff794"}},{"name":"SC15012","mesh":30,"matrix":[1.0,-2.9670559342775967E-13,0.0,0.0,2.0980253712877874E-13,0.70710678118665249,-0.70710678118644266,0.0,2.0980253712871647E-13,0.70710678118644266,0.70710678118665249,0.0,8.4052871307014279,1.2524042644959095,27.966382652043265,1.0]},{"name":"SC15012","children":[167],"extras":{"ElementID":1046422,"UniqueId":"fd542353-5aed-4ee2-8baa-b1272d401016-000ff796"}},{"name":"SC15012","mesh":30,"matrix":[1.0,-2.9670559342775957E-13,0.0,0.0,2.0980253712877867E-13,0.70710678118665249,-0.70710678118644266,0.0,2.0980253712871639E-13,0.70710678118644266,0.70710678118665249,0.0,-1.4372325543379398,1.2524042644988298,27.966382652043265,1.0]},{"name":"SC15012","children":[169],"extras":{"ElementID":1046424,"UniqueId":"fd542353-5aed-4ee2-8baa-b1272d401016-000ff798"}},{"name":"SC15012","mesh":31,"matrix":[1.0,-2.9652511557287672E-13,0.0,0.0,2.0967492001373699E-13,0.70710678118665249,-0.70710678118644266,0.0,2.0967492001367476E-13,0.70710678118644266,0.70710678118665249,0.0,-13.740382160637415,1.2524042645024789,27.966382652043265,1.0]},{"name":"SC15012","children":[171],"extras":{"ElementID":1046426,"UniqueId":"fd542353-5aed-4ee2-8baa-b1272d401016-000ff79a"}},{"name":"SC15012","mesh":30,"matrix":[1.0,-2.9670559342775957E-13,0.0,0.0,2.0980253712877867E-13,0.70710678118665249,-0.70710678118644266,0.0,2.0980253712871639E-13,0.70710678118644266,0.70710678118665249,0.0,37.932846185819912,2.525912554478404,26.69287436205239,1.0]},{"name":"SC15012","children":[173],"extras":{"ElementID":1046428,"UniqueId":"fd542353-5aed-4ee2-8baa-b1272d401016-000ff79c"}},{"name":"SC15012","mesh":30,"matrix":[1.0,-2.9652511557287657E-13,0.0,0.0,2.0967492001373688E-13,0.70710678118665249,-0.70710678118644266,0.0,2.0967492001367466E-13,0.70710678118644266,0.70710678118665249,0.0,28.090326500780549,2.5259125544813235,26.69287436205239,1.0]},{"name":"SC15012","children":[175],"extras":{"ElementID":1046430,"UniqueId":"fd542353-5aed-4ee2-8baa-b1272d401016-000ff79e"}},{"name":"SC15012","mesh":30,"matrix":[1.0,-2.9670559342775947E-13,0.0,0.0,2.0980253712877859E-13,0.70710678118665249,-0.70710678118644266,0.0,2.0980253712871634E-13,0.70710678118644266,0.70710678118665249,0.0,18.247806815741175,2.5259125544842429,26.69287436205239,1.0]},{"name":"SC15012","children":[177],"extras":{"ElementID":1046432,"UniqueId":"fd542353-5aed-4ee2-8baa-b1272d401016-000ff7a0"}},{"name":"SC15012","mesh":30,"matrix":[1.0,-2.9670559342775967E-13,0.0,0.0,2.0980253712877874E-13,0.70710678118665249,-0.70710678118644266,0.0,2.0980253712871647E-13,0.70710678118644266,0.70710678118665249,0.0,8.4052871307018044,2.5259125544871632,26.69287436205239,1.0]},{"name":"SC15012","children":[179],"extras":{"ElementID":1046434,"UniqueId":"fd542353-5aed-4ee2-8baa-b1272d401016-000ff7a2"}},{"name":"SC15012","mesh":30,"matrix":[1.0,-2.9652511557287652E-13,0.0,0.0,2.0967492001373683E-13,0.70710678118665249,-0.70710678118644266,0.0,2.0967492001367461E-13,0.70710678118644266,0.70710678118665249,0.0,-1.4372325543375633,2.5259125544900827,26.69287436205239,1.0]},{"name":"SC15012","children":[181],"extras":{"ElementID":1046436,"UniqueId":"fd542353-5aed-4ee2-8baa-b1272d401016-000ff7a4"}},{"name":"SC15012","mesh":31,"matrix":[1.0,-2.9670559342775957E-13,0.0,0.0,2.0980253712877867E-13,0.70710678118665249,-0.70710678118644266,0.0,2.0980253712871639E-13,0.70710678118644266,0.70710678118665249,0.0,-13.740382160637227,2.5259125544937322,26.69287436205239,1.0]},{"name":"SC15012","children":[183],"extras":{"ElementID":1046438,"UniqueId":"fd542353-5aed-4ee2-8baa-b1272d401016-000ff7a6"}},{"name":"SC15012","mesh":30,"matrix":[1.0,-2.9670559342775957E-13,0.0,0.0,2.0980253712877867E-13,0.70710678118665249,-0.70710678118644266,0.0,2.0980253712871639E-13,0.70710678118644266,0.70710678118665249,0.0,37.932846185820296,3.7994208444696578,25.419366072061514,1.0]},{"name":"SC15012","children":[185],"extras":{"ElementID":1046440,"UniqueId":"fd542353-5aed-4ee2-8baa-b1272d401016-000ff7a8"}},{"name":"SC15012","mesh":33,"matrix":[1.0,-2.9652511557287657E-13,0.0,0.0,2.0967492001373688E-13,0.70710678118665249,-0.70710678118644266,0.0,2.0967492001367466E-13,0.70710678118644266,0.70710678118665249,0.0,28.090326500780925,3.7994208444725772,25.419366072061514,1.0]},{"name":"SC15012","children":[187],"extras":{"ElementID":1046442,"UniqueId":"fd542353-5aed-4ee2-8baa-b1272d401016-000ff7aa"}},{"name":"SC15012","mesh":30,"matrix":[1.0,-2.9670559342775957E-13,0.0,0.0,2.0980253712877867E-13,0.70710678118665249,-0.70710678118644266,0.0,2.0980253712871639E-13,0.70710678118644266,0.70710678118665249,0.0,18.247806815741555,3.7994208444754967,25.419366072061514,1.0]},{"name":"SC15012","children":[189],"extras":{"ElementID":1046444,"UniqueId":"fd542353-5aed-4ee2-8baa-b1272d401016-000ff7ac"}},{"name":"SC15012","mesh":30,"matrix":[1.0,-2.9670559342775957E-13,0.0,0.0,2.0980253712877867E-13,0.70710678118665249,-0.70710678118644266,0.0,2.0980253712871639E-13,0.70710678118644266,0.70710678118665249,0.0,8.4052871307021846,3.799420844478417,25.419366072061514,1.0]},{"name":"SC15012","children":[191],"extras":{"ElementID":1046446,"UniqueId":"fd542353-5aed-4ee2-8baa-b1272d401016-000ff7ae"}},{"name":"SC15012","mesh":33,"matrix":[1.0,-2.9652511557287652E-13,0.0,0.0,2.0967492001373683E-13,0.70710678118665249,-0.70710678118644266,0.0,2.0967492001367461E-13,0.70710678118644266,0.70710678118665249,0.0,-1.4372325543371867,3.7994208444813364,25.419366072061514,1.0]},{"name":"SC15012","children":[193],"extras":{"ElementID":1046448,"UniqueId":"fd542353-5aed-4ee2-8baa-b1272d401016-000ff7b0"}},{"name":"SC15012","mesh":31,"matrix":[1.0,-2.9670559342775982E-13,0.0,0.0,2.0980253712877885E-13,0.70710678118665249,-0.70710678118644266,0.0,2.0980253712871659E-13,0.70710678118644266,0.70710678118665249,0.0,-13.740382160637038,3.799420844484986,25.419366072061514,1.0]},{"name":"SC15012","children":[195],"extras":{"ElementID":1046450,"UniqueId":"fd542353-5aed-4ee2-8baa-b1272d401016-000ff7b2"}},{"name":"SC15012","mesh":30,"matrix":[1.0,-2.9670559342775962E-13,0.0,0.0,2.0980253712877869E-13,0.70710678118665249,-0.70710678118644266,0.0,2.0980253712871644E-13,0.70710678118644266,0.70710678118665249,0.0,37.932846185820665,5.0729291344609111,24.145857782070642,1.0]},{"name":"SC15012","children":[197],"extras":{"ElementID":1046452,"UniqueId":"fd542353-5aed-4ee2-8baa-b1272d401016-000ff7b4"}},{"name":"SC15012","mesh":30,"matrix":[1.0,-2.9652511557287657E-13,0.0,0.0,2.0967492001373688E-13,0.70710678118665249,-0.70710678118644266,0.0,2.0967492001367466E-13,0.70710678118644266,0.70710678118665249,0.0,28.090326500781305,5.0729291344638305,24.145857782070642,1.0]},{"name":"SC15012","children":[199],"extras":{"ElementID":1046454,"UniqueId":"fd542353-5aed-4ee2-8baa-b1272d401016-000ff7b6"}},{"name":"SC15012","mesh":30,"matrix":[1.0,-2.9670559342775957E-13,0.0,0.0,2.0980253712877867E-13,0.70710678118665249,-0.70710678118644266,0.0,2.0980253712871639E-13,0.70710678118644266,0.70710678118665249,0.0,18.247806815741932,5.07292913446675,24.145857782070642,1.0]},{"name":"SC15012","children":[201],"extras":{"ElementID":1046456,"UniqueId":"fd542353-5aed-4ee2-8baa-b1272d401016-000ff7b8"}},{"name":"SC15012","mesh":30,"matrix":[1.0,-2.9670559342775947E-13,0.0,0.0,2.0980253712877859E-13,0.70710678118665249,-0.70710678118644266,0.0,2.0980253712871634E-13,0.70710678118644266,0.70710678118665249,0.0,8.4052871307025612,5.07292913446967,24.145857782070642,1.0]},{"name":"SC15012","children":[203],"extras":{"ElementID":1046458,"UniqueId":"fd542353-5aed-4ee2-8baa-b1272d401016-000ff7ba"}},{"name":"SC15012","mesh":30,"matrix":[1.0,-2.9652511557287672E-13,0.0,0.0,2.0967492001373699E-13,0.70710678118665249,-0.70710678118644266,0.0,2.0967492001367476E-13,0.70710678118644266,0.70710678118665249,0.0,-1.4372325543368065,5.07292913447259,24.145857782070642,1.0]},{"name":"SC15012","children":[205],"extras":{"ElementID":1046460,"UniqueId":"fd542353-5aed-4ee2-8baa-b1272d401016-000ff7bc"}},{"name":"SC15012","mesh":31,"matrix":[1.0,-2.9670559342775957E-13,0.0,0.0,2.0980253712877867E-13,0.70710678118665249,-0.70710678118644266,0.0,2.0980253712871639E-13,0.70710678118644266,0.70710678118665249,0.0,-13.740382160636846,5.0729291344762393,24.145857782070642,1.0]},{"nam